<!DOCTYPE html>
<html lang="en">
<head>
<meta charset="UTF-8">
<title>Vol Smiles — Model Comparison</title>
<script src="https://cdn.plot.ly/plotly-2.35.2.min.js"></script>
<script>
function renderSmilePlot(nodeId) {
  const obs    = D.smile_obs    && D.smile_obs[nodeId]    || {train:[], test:[]};
  const curves = D.smile_curves && D.smile_curves[nodeId] || {};
  const traces = [];

  if (obs.train.length > 0) {
    traces.push({
      x: obs.train.map(o => o.k),
      y: obs.train.map(o => +(o.iv * 100).toFixed(4)),
      mode: 'markers', name: 'Train obs',
      marker: {symbol:'circle-open', size:7, color:'#555',
               line:{color:'#555', width:1.5}},
    });
  }
  if (obs.test.length > 0) {
    traces.push({
      x: obs.test.map(o => o.k),
      y: obs.test.map(o => +(o.iv * 100).toFixed(4)),
      mode: 'markers', name: 'Test obs',
      marker: {symbol:'diamond', size:8, color:'#111'},
    });
  }

  D.model_names.forEach((m, i) => {
    const c = curves[m];
    if (!c) return;
    traces.push({
      x: c.k_grid,
      y: c.iv_grid.map(v => +(v * 100).toFixed(4)),
      mode: 'lines', name: m,
      line: {color: COLORS[i % COLORS.length], width: 2},
    });
  });

  Plotly.react('smile-plot-div', traces, {
    xaxis: {title: 'Log-moneyness', zeroline: true,
            zerolinecolor: '#ccc', zerolinewidth: 1},
    yaxis: {title: 'Implied Vol (%)'},
    legend: {orientation: 'h', y: -0.28, font: {size: 11}},
    margin: {t: 20, b: 90, l: 55, r: 20},
    height: 380,
    plot_bgcolor: '#fafafa',
  }, {responsive: true, displayModeBar: false});
}
</script>
<style>
  body { font-family: -apple-system, BlinkMacSystemFont, 'Segoe UI', Roboto, sans-serif;
         max-width: 1500px; margin: 0 auto; padding: 24px; background: #f4f6f8; color: #333; }
  h1   { color: #2c3e50; border-bottom: 2px solid #3498db; padding-bottom: 8px; }
  h2   { color: #34495e; margin-top: 0; font-size: 1.05em; }
  .card { background: white; border-radius: 8px; padding: 20px; margin-bottom: 20px;
          box-shadow: 0 2px 4px rgba(0,0,0,.08); }
  select { font-size: 14px; padding: 6px 12px; border-radius: 6px;
           border: 1px solid #bdc3c7; background: white; width: 100%;
           max-width: 520px; margin-bottom: 10px; cursor: pointer; }
  select:focus { outline: none; border-color: #3498db; }
</style>
</head>
<body>
<h1>Vol Smiles — Model Comparison</h1>

<div class="card">
  <h2>Summary</h2>
  <div id="summary-div"></div>
</div>

<div class="card">
  <h2>Node Inspector</h2>
  <select id="node-select" onchange="onNodeChange(this.value)"></select>
  <div id="node-params-div"></div>
  <div id="smile-plot-div" style="margin-top:14px;"></div>
</div>

<script>
const D = {"model_names": ["svijw_data", "svijw_temporal", "bspline_temporal", "bspline_tiered_graph", "bspline_factored_graph"], "node_ids": ["AAPL 2026-05-20", "AAPL 2026-05-22", "AAPL 2026-05-26", "AAPL 2026-05-29", "AAPL 2026-06-05", "AAPL 2026-06-12", "AAPL 2026-07-17", "AAPL 2026-08-21", "AAPL 2026-09-18", "AAPL 2026-11-20", "AAPL 2027-02-19", "AMZN 2026-05-20", "AMZN 2026-05-22", "AMZN 2026-05-26", "AMZN 2026-05-29", "AMZN 2026-06-05", "AMZN 2026-06-12", "AMZN 2026-07-17", "AMZN 2026-08-21", "AMZN 2026-09-18", "AMZN 2026-11-20", "AMZN 2027-01-15", "MSFT 2026-05-20", "MSFT 2026-05-22", "MSFT 2026-05-26", "MSFT 2026-05-29", "MSFT 2026-06-05", "MSFT 2026-06-12", "MSFT 2026-07-17", "MSFT 2026-08-21", "MSFT 2026-09-18", "MSFT 2026-11-20", "MSFT 2027-01-15", "NVDA 2026-05-22", "NVDA 2026-05-26", "NVDA 2026-05-29", "NVDA 2026-06-05", "NVDA 2026-06-12", "NVDA 2026-06-18", "NVDA 2026-07-17", "NVDA 2026-08-21", "NVDA 2026-09-18", "NVDA 2026-11-20", "NVDA 2027-01-15", "NVDA 2027-06-17", "NVDA 2027-09-17", "SPY 2026-05-19", "SPY 2026-05-20", "SPY 2026-05-21", "SPY 2026-05-22", "SPY 2026-05-29", "SPY 2026-06-05", "SPY 2026-06-12", "SPY 2026-07-17", "SPY 2026-07-31", "SPY 2026-09-18"], "nodes": {"AAPL 2026-05-20": {"models": {"svijw_data": {"param_names": ["v", "psi", "p", "c", "v_tilde"], "params": [0.0597647, -0.0103865, 0.0787243, 0.1201468, 0.0481061], "precision": 0.9972640235968593}, "svijw_temporal": {"param_names": ["v", "psi", "p", "c", "v_tilde"], "params": [0.0614149, -0.0092686, 0.0787384, 0.1201416, 0.0484171], "precision": 0.9972640235968593}, "bspline_temporal": {"param_names": ["c0", "c1", "c2", "c3", "c4", "c5", "c6", "c7", "c8"], "params": [0.4271168, 0.3417806, 0.4406635, 0.240414, 0.2248177, 0.2118439, 0.2660842, 0.3328485, 0.3897282], "precision": [[0.20000000010000002, 0.0, 0.0, 0.0, 0.0, 0.0, 0.0, 0.0, 0.0], [0.0, 0.20000000010000002, 0.0, 0.0, 0.0, 0.0, 0.0, 0.0, 0.0], [0.0, 0.0, 0.20000000010000002, 0.0, 0.0, 0.0, 0.0, 0.0, 0.0], [0.0, 0.0, 0.0, 0.20000000010000002, 0.0, 0.0, 0.0, 0.0, 0.0], [0.0, 0.0, 0.0, 0.0, 0.21511926741570309, 0.09641211347834432, 0.037822220345459394, 0.00013483576471414566, 0.0], [0.0, 0.0, 0.0, 0.0, 0.0964121134783443, 0.8147980211460939, 0.24118365816325296, 0.0008598168665923233, 0.0], [0.0, 0.0, 0.0, 0.0, 0.037822220345459394, 0.24118365816325296, 0.29461571936668196, 0.0003373039114250085, 0.0], [0.0, 0.0, 0.0, 0.0, 0.00013483576471414566, 0.0008598168665923233, 0.0003373039114250085, 0.2000012025844238, 0.0], [0.0, 0.0, 0.0, 0.0, 0.0, 0.0, 0.0, 0.0, 0.20000000010000002]]}, "bspline_tiered_graph": {"param_names": ["c0", "c1", "c2", "c3", "c4", "c5", "c6", "c7", "c8"], "params": [0.4303642, 0.3498519, 0.4476996, 0.2452106, 0.2225651, 0.2106107, 0.2701025, 0.3328308, 0.3897282], "precision": [[2.2000000001, 0.0, 0.0, 0.0, 0.0, 0.0, 0.0, 0.0, 0.0], [0.0, 2.2000000001, 0.0, 0.0, 0.0, 0.0, 0.0, 0.0, 0.0], [0.0, 0.0, 2.2000000001, 0.0, 0.0, 0.0, 0.0, 0.0, 0.0], [0.0, 0.0, 0.0, 2.2000000001, 0.0, 0.0, 0.0, 0.0, 0.0], [0.0, 0.0, 0.0, 0.0, 2.2151192674157034, 0.09641211347834432, 0.037822220345459394, 0.00013483576471414566, 0.0], [0.0, 0.0, 0.0, 0.0, 0.0964121134783443, 2.814798021146094, 0.24118365816325296, 0.0008598168665923233, 0.0], [0.0, 0.0, 0.0, 0.0, 0.037822220345459394, 0.24118365816325296, 2.294615719366682, 0.0003373039114250085, 0.0], [0.0, 0.0, 0.0, 0.0, 0.00013483576471414566, 0.0008598168665923233, 0.0003373039114250085, 2.2000012025844238, 0.0], [0.0, 0.0, 0.0, 0.0, 0.0, 0.0, 0.0, 0.0, 2.2000000001]]}, "bspline_factored_graph": {"param_names": ["c0", "c1", "c2", "c3", "c4", "c5", "c6", "c7", "c8"], "params": [0.4277671, 0.3338165, 0.436865, 0.2266302, 0.1881243, 0.2216592, 0.2686435, 0.3317028, 0.3910592], "precision": [[15.752167661906524, 0.0, 0.0, 0.0, 0.0, 0.0, 0.0, 0.0, 0.0], [0.0, 15.752167661906524, 0.0, 0.0, 0.0, 0.0, 0.0, 0.0, 0.0], [0.0, 0.0, 15.752167661906524, 0.0, 0.0, 0.0, 0.0, 0.0, 0.0], [0.0, 0.0, 0.0, 15.752167661906524, 0.0, 0.0, 0.0, 0.0, 0.0], [0.0, 0.0, 0.0, 0.0, 15.767286929222228, 0.09641211347834432, 0.037822220345459394, 0.00013483576471414566, 0.0], [0.0, 0.0, 0.0, 0.0, 0.0964121134783443, 16.366965682952618, 0.24118365816325296, 0.0008598168665923233, 0.0], [0.0, 0.0, 0.0, 0.0, 0.037822220345459394, 0.24118365816325296, 15.846783381173205, 0.0003373039114250085, 0.0], [0.0, 0.0, 0.0, 0.0, 0.00013483576471414566, 0.0008598168665923233, 0.0003373039114250085, 15.75216886439095, 0.0], [0.0, 0.0, 0.0, 0.0, 0.0, 0.0, 0.0, 0.0, 15.752167661906524]]}}}, "AAPL 2026-05-22": {"models": {"svijw_data": {"param_names": ["v", "psi", "p", "c", "v_tilde"], "params": [0.0710239, -0.0179419, 0.0801313, 0.1199054, 0.053597], "precision": 0.9972640235968593}, "svijw_temporal": {"param_names": ["v", "psi", "p", "c", "v_tilde"], "params": [0.0710239, -0.0179419, 0.0801313, 0.1199054, 0.053597], "precision": 0.9972640235968593}, "bspline_temporal": {"param_names": ["c0", "c1", "c2", "c3", "c4", "c5", "c6", "c7", "c8"], "params": [0.5726583, 0.7785318, 0.2755163, 0.3026933, 0.2344135, 0.2396677, 0.3067272, 0.3804213, 0.4522492], "precision": [[0.20000000010000002, 0.0, 0.0, 0.0, 0.0, 0.0, 0.0, 0.0, 0.0], [0.0, 0.20000000010000002, 0.0, 0.0, 0.0, 0.0, 0.0, 0.0, 0.0], [0.0, 0.0, 0.20000000010000002, 0.0, 0.0, 0.0, 0.0, 0.0, 0.0], [0.0, 0.0, 0.0, 0.20000000010000002, 0.0, 0.0, 0.0, 0.0, 0.0], [0.0, 0.0, 0.0, 0.0, 0.2035939470114263, 0.07586652072074458, 0.07083613653178036, 0.004312232954269399, 0.0], [0.0, 0.0, 0.0, 0.0, 0.0758665207207446, 1.8015063963052207, 1.4953173634479433, 0.09102919960715972, 0.0], [0.0, 0.0, 0.0, 0.0, 0.07083613653178036, 1.4953173634479433, 1.5961692709359223, 0.08499344309575409, 0.0], [0.0, 0.0, 0.0, 0.0, 0.0043122329542694, 0.09102919960715972, 0.08499344309575409, 0.20517407570828644, 0.0], [0.0, 0.0, 0.0, 0.0, 0.0, 0.0, 0.0, 0.0, 0.20000000010000002]]}, "bspline_tiered_graph": {"param_names": ["c0", "c1", "c2", "c3", "c4", "c5", "c6", "c7", "c8"], "params": [0.5726583, 0.7790029, 0.2804174, 0.2685414, 0.1295507, 0.2308007, 0.3107211, 0.3931013, 0.4677732], "precision": [[3.0000000001, 0.0, 0.0, 0.0, 0.0, 0.0, 0.0, 0.0, 0.0], [0.0, 3.0000000001, 0.0, 0.0, 0.0, 0.0, 0.0, 0.0, 0.0], [0.0, 0.0, 3.0000000001, 0.0, 0.0, 0.0, 0.0, 0.0, 0.0], [0.0, 0.0, 0.0, 3.0000000001, 0.0, 0.0, 0.0, 0.0, 0.0], [0.0, 0.0, 0.0, 0.0, 3.0035939470114266, 0.07586652072074458, 0.07083613653178036, 0.004312232954269399, 0.0], [0.0, 0.0, 0.0, 0.0, 0.0758665207207446, 4.601506396305221, 1.4953173634479433, 0.09102919960715972, 0.0], [0.0, 0.0, 0.0, 0.0, 0.07083613653178036, 1.4953173634479433, 4.396169270935922, 0.08499344309575409, 0.0], [0.0, 0.0, 0.0, 0.0, 0.0043122329542694, 0.09102919960715972, 0.08499344309575409, 3.0051740757082865, 0.0], [0.0, 0.0, 0.0, 0.0, 0.0, 0.0, 0.0, 0.0, 3.0000000001]]}, "bspline_factored_graph": {"param_names": ["c0", "c1", "c2", "c3", "c4", "c5", "c6", "c7", "c8"], "params": [0.5733123, 0.7705753, 0.2717204, 0.2890156, 0.1935817, 0.2315978, 0.310026, 0.3799916, 0.4535369], "precision": [[15.426686977170446, 0.0, 0.0, 0.0, 0.0, 0.0, 0.0, 0.0, 0.0], [0.0, 15.426686977170446, 0.0, 0.0, 0.0, 0.0, 0.0, 0.0, 0.0], [0.0, 0.0, 15.426686977170446, 0.0, 0.0, 0.0, 0.0, 0.0, 0.0], [0.0, 0.0, 0.0, 15.426686977170446, 0.0, 0.0, 0.0, 0.0, 0.0], [0.0, 0.0, 0.0, 0.0, 15.430280924081872, 0.07586652072074458, 0.07083613653178036, 0.004312232954269399, 0.0], [0.0, 0.0, 0.0, 0.0, 0.0758665207207446, 17.02819337337566, 1.4953173634479433, 0.09102919960715972, 0.0], [0.0, 0.0, 0.0, 0.0, 0.07083613653178036, 1.4953173634479433, 16.822856248006364, 0.08499344309575409, 0.0], [0.0, 0.0, 0.0, 0.0, 0.0043122329542694, 0.09102919960715972, 0.08499344309575409, 15.431861052778732, 0.0], [0.0, 0.0, 0.0, 0.0, 0.0, 0.0, 0.0, 0.0, 15.426686977170446]]}}}, "AAPL 2026-05-26": {"models": {"svijw_data": {"param_names": ["v", "psi", "p", "c", "v_tilde"], "params": [0.0512964, -0.0091011, 0.0752695, 0.1207948, 0.0485069], "precision": 0.9972640235968593}, "svijw_temporal": {"param_names": ["v", "psi", "p", "c", "v_tilde"], "params": [0.0512964, -0.0091011, 0.0752695, 0.1207948, 0.0485069], "precision": 0.9972640235968593}, "bspline_temporal": {"param_names": ["c0", "c1", "c2", "c3", "c4", "c5", "c6", "c7", "c8"], "params": [0.6568958, 0.5564642, 0.5158452, 0.3923385, 0.2168539, 0.2273399, 0.2237174, 0.4119817, 0.4170426], "precision": [[0.20000000010000002, 0.0, 0.0, 0.0, 0.0, 0.0, 0.0, 0.0, 0.0], [0.0, 0.20000000010000002, 0.0, 0.0, 0.0, 0.0, 0.0, 0.0, 0.0], [0.0, 0.0, 0.20000000010000002, 0.0, 0.0, 0.0, 0.0, 0.0, 0.0], [0.0, 0.0, 0.0, 0.20000000010000002, 0.0, 0.0, 0.0, 0.0, 0.0], [0.0, 0.0, 0.0, 0.0, 0.20000000010000002, 0.0, 0.0, 0.0, 0.0], [0.0, 0.0, 0.0, 0.0, 0.0, 0.20000000010000002, 0.0, 0.0, 0.0], [0.0, 0.0, 0.0, 0.0, 0.0, 0.0, 0.20000000010000002, 0.0, 0.0], [0.0, 0.0, 0.0, 0.0, 0.0, 0.0, 0.0, 0.20000000010000002, 0.0], [0.0, 0.0, 0.0, 0.0, 0.0, 0.0, 0.0, 0.0, 0.20000000010000002]]}, "bspline_tiered_graph": {"param_names": ["c0", "c1", "c2", "c3", "c4", "c5", "c6", "c7", "c8"], "params": [0.6568958, 0.5581528, 0.5214997, 0.3966151, 0.2193357, 0.231502, 0.223316, 0.4013833, 0.4154138], "precision": [[2.6000000001, 0.0, 0.0, 0.0, 0.0, 0.0, 0.0, 0.0, 0.0], [0.0, 2.6000000001, 0.0, 0.0, 0.0, 0.0, 0.0, 0.0, 0.0], [0.0, 0.0, 2.6000000001, 0.0, 0.0, 0.0, 0.0, 0.0, 0.0], [0.0, 0.0, 0.0, 2.6000000001, 0.0, 0.0, 0.0, 0.0, 0.0], [0.0, 0.0, 0.0, 0.0, 2.6000000001, 0.0, 0.0, 0.0, 0.0], [0.0, 0.0, 0.0, 0.0, 0.0, 2.6000000001, 0.0, 0.0, 0.0], [0.0, 0.0, 0.0, 0.0, 0.0, 0.0, 2.6000000001, 0.0, 0.0], [0.0, 0.0, 0.0, 0.0, 0.0, 0.0, 0.0, 2.6000000001, 0.0], [0.0, 0.0, 0.0, 0.0, 0.0, 0.0, 0.0, 0.0, 2.6000000001]]}, "bspline_factored_graph": {"param_names": ["c0", "c1", "c2", "c3", "c4", "c5", "c6", "c7", "c8"], "params": [0.6575498, 0.5485043, 0.5120457, 0.3785517, 0.175095, 0.2048646, 0.2136135, 0.4108061, 0.4183755], "precision": [[15.735616851254942, 0.0, 0.0, 0.0, 0.0, 0.0, 0.0, 0.0, 0.0], [0.0, 15.735616851254942, 0.0, 0.0, 0.0, 0.0, 0.0, 0.0, 0.0], [0.0, 0.0, 15.735616851254942, 0.0, 0.0, 0.0, 0.0, 0.0, 0.0], [0.0, 0.0, 0.0, 15.735616851254942, 0.0, 0.0, 0.0, 0.0, 0.0], [0.0, 0.0, 0.0, 0.0, 15.735616851254942, 0.0, 0.0, 0.0, 0.0], [0.0, 0.0, 0.0, 0.0, 0.0, 15.735616851254942, 0.0, 0.0, 0.0], [0.0, 0.0, 0.0, 0.0, 0.0, 0.0, 15.735616851254942, 0.0, 0.0], [0.0, 0.0, 0.0, 0.0, 0.0, 0.0, 0.0, 15.735616851254942, 0.0], [0.0, 0.0, 0.0, 0.0, 0.0, 0.0, 0.0, 0.0, 15.735616851254942]]}}}, "AAPL 2026-05-29": {"models": {"svijw_data": {"param_names": ["v", "psi", "p", "c", "v_tilde"], "params": [0.0313703, -0.040261, 0.0798414, 0.1200222, 0.0272986], "precision": 0.9972640235968593}, "svijw_temporal": {"param_names": ["v", "psi", "p", "c", "v_tilde"], "params": [0.0307203, -0.0234338, 0.079755, 0.1199308, 0.0262851], "precision": 0.9972640235968593}, "bspline_temporal": {"param_names": ["c0", "c1", "c2", "c3", "c4", "c5", "c6", "c7", "c8"], "params": [0.415072, 0.7387886, 0.2528613, 0.2716459, 0.1629574, 0.2267843, 0.313505, 0.4080365, 0.4507361], "precision": [[0.20000000010000002, 0.0, 0.0, 0.0, 0.0, 0.0, 0.0, 0.0, 0.0], [0.0, 0.20000000010000002, 0.0, 0.0, 0.0, 0.0, 0.0, 0.0, 0.0], [0.0, 0.0, 0.20000000010000002, 0.0, 0.0, 0.0, 0.0, 0.0, 0.0], [0.0, 0.0, 0.0, 0.2124444509866343, 0.058918749096610115, 0.01741961852722935, 2.611895352604544e-06, 0.0, 0.0], [0.0, 0.0, 0.0, 0.058918749096610115, 0.4789531677996456, 0.08247387873632976, 1.2366122728001705e-05, 0.0, 0.0], [0.0, 0.0, 0.0, 0.01741961852722935, 0.08247387873632976, 0.22438380878697867, 3.656105125882318e-06, 0.0, 0.0], [0.0, 0.0, 0.0, 2.611895352604544e-06, 1.2366122728001705e-05, 3.6561051258823177e-06, 0.20000000064819595, 0.0, 0.0], [0.0, 0.0, 0.0, 0.0, 0.0, 0.0, 0.0, 0.20000000010000002, 0.0], [0.0, 0.0, 0.0, 0.0, 0.0, 0.0, 0.0, 0.0, 0.20000000010000002]]}, "bspline_tiered_graph": {"param_names": ["c0", "c1", "c2", "c3", "c4", "c5", "c6", "c7", "c8"], "params": [0.415072, 0.7387886, 0.2525994, 0.2820648, 0.1652045, 0.2143054, 0.3013555, 0.4078701, 0.4507396], "precision": [[3.0000000001, 0.0, 0.0, 0.0, 0.0, 0.0, 0.0, 0.0, 0.0], [0.0, 3.0000000001, 0.0, 0.0, 0.0, 0.0, 0.0, 0.0, 0.0], [0.0, 0.0, 3.0000000001, 0.0, 0.0, 0.0, 0.0, 0.0, 0.0], [0.0, 0.0, 0.0, 3.0124444509866346, 0.058918749096610115, 0.01741961852722935, 2.611895352604544e-06, 0.0, 0.0], [0.0, 0.0, 0.0, 0.058918749096610115, 3.2789531677996453, 0.08247387873632976, 1.2366122728001705e-05, 0.0, 0.0], [0.0, 0.0, 0.0, 0.01741961852722935, 0.08247387873632976, 3.0243838087869785, 3.656105125882318e-06, 0.0, 0.0], [0.0, 0.0, 0.0, 2.611895352604544e-06, 1.2366122728001705e-05, 3.6561051258823177e-06, 3.0000000006481957, 0.0, 0.0], [0.0, 0.0, 0.0, 0.0, 0.0, 0.0, 0.0, 3.0000000001, 0.0], [0.0, 0.0, 0.0, 0.0, 0.0, 0.0, 0.0, 0.0, 3.0000000001]]}, "bspline_factored_graph": {"param_names": ["c0", "c1", "c2", "c3", "c4", "c5", "c6", "c7", "c8"], "params": [0.4157259, 0.7308308, 0.2490692, 0.2690094, 0.1740387, 0.2199808, 0.3034469, 0.4068487, 0.452066], "precision": [[15.592362406751496, 0.0, 0.0, 0.0, 0.0, 0.0, 0.0, 0.0, 0.0], [0.0, 15.592362406751496, 0.0, 0.0, 0.0, 0.0, 0.0, 0.0, 0.0], [0.0, 0.0, 15.592362406751496, 0.0, 0.0, 0.0, 0.0, 0.0, 0.0], [0.0, 0.0, 0.0, 15.60480685763813, 0.058918749096610115, 0.01741961852722935, 2.611895352604544e-06, 0.0, 0.0], [0.0, 0.0, 0.0, 0.058918749096610115, 15.87131557445114, 0.08247387873632976, 1.2366122728001705e-05, 0.0, 0.0], [0.0, 0.0, 0.0, 0.01741961852722935, 0.08247387873632976, 15.616746215438473, 3.656105125882318e-06, 0.0, 0.0], [0.0, 0.0, 0.0, 2.611895352604544e-06, 1.2366122728001705e-05, 3.6561051258823177e-06, 15.59236240729969, 0.0, 0.0], [0.0, 0.0, 0.0, 0.0, 0.0, 0.0, 0.0, 15.592362406751496, 0.0], [0.0, 0.0, 0.0, 0.0, 0.0, 0.0, 0.0, 0.0, 15.592362406751496]]}}}, "AAPL 2026-06-05": {"models": {"svijw_data": {"param_names": ["v", "psi", "p", "c", "v_tilde"], "params": [0.0561382, -0.0200552, 0.0799839, 0.1200066, 0.0454634], "precision": 0.9972640235968593}, "svijw_temporal": {"param_names": ["v", "psi", "p", "c", "v_tilde"], "params": [0.0561381, -0.0200553, 0.0799839, 0.1200066, 0.0454633], "precision": 0.9972640235968593}, "bspline_temporal": {"param_names": ["c0", "c1", "c2", "c3", "c4", "c5", "c6", "c7", "c8"], "params": [0.4570197, 0.4309914, 0.3082519, 0.320556, 0.2023648, 0.2259068, 0.2648687, 0.3833953, 0.4485564], "precision": [[0.20000000010000002, 0.0, 0.0, 0.0, 0.0, 0.0, 0.0, 0.0, 0.0], [0.0, 0.20000000010000002, 0.0, 0.0, 0.0, 0.0, 0.0, 0.0, 0.0], [0.0, 0.0, 0.20000000010000002, 0.0, 0.0, 0.0, 0.0, 0.0, 0.0], [0.0, 0.0, 0.0, 0.20000000010000002, 0.0, 0.0, 0.0, 0.0, 0.0], [0.0, 0.0, 0.0, 0.0, 0.202303447600259, 0.049380331370159375, 0.046500396198742036, 0.00287878505170669, 0.0], [0.0, 0.0, 0.0, 0.0, 0.049380331370159375, 1.2585946179293928, 0.9968557880652351, 0.06171417398519123, 0.0], [0.0, 0.0, 0.0, 0.0, 0.046500396198742036, 0.9968557880652351, 1.1387176597804811, 0.05811491056788809, 0.0], [0.0, 0.0, 0.0, 0.0, 0.0028787850517066897, 0.061714173985191224, 0.05811491056788809, 0.20359782612946153, 0.0], [0.0, 0.0, 0.0, 0.0, 0.0, 0.0, 0.0, 0.0, 0.20000000010000002]]}, "bspline_tiered_graph": {"param_names": ["c0", "c1", "c2", "c3", "c4", "c5", "c6", "c7", "c8"], "params": [0.4754293, 0.4333386, 0.3083936, 0.3192854, 0.1658902, 0.2078955, 0.2852826, 0.38466, 0.4485564], "precision": [[3.0000000001, 0.0, 0.0, 0.0, 0.0, 0.0, 0.0, 0.0, 0.0], [0.0, 3.0000000001, 0.0, 0.0, 0.0, 0.0, 0.0, 0.0, 0.0], [0.0, 0.0, 3.0000000001, 0.0, 0.0, 0.0, 0.0, 0.0, 0.0], [0.0, 0.0, 0.0, 3.0000000001, 0.0, 0.0, 0.0, 0.0, 0.0], [0.0, 0.0, 0.0, 0.0, 3.002303447600259, 0.049380331370159375, 0.046500396198742036, 0.00287878505170669, 0.0], [0.0, 0.0, 0.0, 0.0, 0.049380331370159375, 4.058594617929393, 0.9968557880652351, 0.06171417398519123, 0.0], [0.0, 0.0, 0.0, 0.0, 0.046500396198742036, 0.9968557880652351, 3.938717659780481, 0.05811491056788809, 0.0], [0.0, 0.0, 0.0, 0.0, 0.0028787850517066897, 0.061714173985191224, 0.05811491056788809, 3.0035978261294614, 0.0], [0.0, 0.0, 0.0, 0.0, 0.0, 0.0, 0.0, 0.0, 3.0000000001]]}, "bspline_factored_graph": {"param_names": ["c0", "c1", "c2", "c3", "c4", "c5", "c6", "c7", "c8"], "params": [0.4576473, 0.4230281, 0.304458, 0.3067795, 0.1614433, 0.2199552, 0.270255, 0.3831599, 0.4498853], "precision": [[15.660246837766076, 0.0, 0.0, 0.0, 0.0, 0.0, 0.0, 0.0, 0.0], [0.0, 15.660246837766076, 0.0, 0.0, 0.0, 0.0, 0.0, 0.0, 0.0], [0.0, 0.0, 15.660246837766076, 0.0, 0.0, 0.0, 0.0, 0.0, 0.0], [0.0, 0.0, 0.0, 15.660246837766076, 0.0, 0.0, 0.0, 0.0, 0.0], [0.0, 0.0, 0.0, 0.0, 15.662550285266336, 0.049380331370159375, 0.046500396198742036, 0.00287878505170669, 0.0], [0.0, 0.0, 0.0, 0.0, 0.049380331370159375, 16.718841455595467, 0.9968557880652351, 0.06171417398519123, 0.0], [0.0, 0.0, 0.0, 0.0, 0.046500396198742036, 0.9968557880652351, 16.598964497446552, 0.05811491056788809, 0.0], [0.0, 0.0, 0.0, 0.0, 0.0028787850517066897, 0.061714173985191224, 0.05811491056788809, 15.663844663795539, 0.0], [0.0, 0.0, 0.0, 0.0, 0.0, 0.0, 0.0, 0.0, 15.660246837766076]]}}}, "AAPL 2026-06-12": {"models": {"svijw_data": {"param_names": ["v", "psi", "p", "c", "v_tilde"], "params": [0.0649065, -0.0171427, 0.0800389, 0.1199941, 0.0378426], "precision": 0.9972640235968593}, "svijw_temporal": {"param_names": ["v", "psi", "p", "c", "v_tilde"], "params": [0.0583947, -0.0208174, 0.0799378, 0.1200252, 0.0482795], "precision": 0.9972640235968593}, "bspline_temporal": {"param_names": ["c0", "c1", "c2", "c3", "c4", "c5", "c6", "c7", "c8"], "params": [0.5516762, 0.4250388, 0.4729117, 0.2805707, 0.2552838, 0.1969021, 0.2711316, 0.3055278, 0.4253563], "precision": [[0.20000000010000002, 0.0, 0.0, 0.0, 0.0, 0.0, 0.0, 0.0, 0.0], [0.0, 0.20000000010000002, 0.0, 0.0, 0.0, 0.0, 0.0, 0.0, 0.0], [0.0, 0.0, 0.20000000010000002, 0.0, 0.0, 0.0, 0.0, 0.0, 0.0], [0.0, 0.0, 0.0, 0.20000000010000002, 0.0, 0.0, 0.0, 0.0, 0.0], [0.0, 0.0, 0.0, 0.0, 0.2079664104633429, 0.07025049301811338, 0.03640529977123909, 0.000471039513184933, 0.0], [0.0, 0.0, 0.0, 0.0, 0.07025049301811338, 0.8194925374160302, 0.32103420998370186, 0.004153785271283472, 0.0], [0.0, 0.0, 0.0, 0.0, 0.036405299771239095, 0.3210342099837019, 0.3663667563911782, 0.0021525798822143783, 0.0], [0.0, 0.0, 0.0, 0.0, 0.000471039513184933, 0.004153785271283472, 0.002152579882214378, 0.20002785181901295, 0.0], [0.0, 0.0, 0.0, 0.0, 0.0, 0.0, 0.0, 0.0, 0.20000000010000002]]}, "bspline_tiered_graph": {"param_names": ["c0", "c1", "c2", "c3", "c4", "c5", "c6", "c7", "c8"], "params": [0.5513053, 0.4284567, 0.4752433, 0.251431, 0.1820449, 0.1918698, 0.2739145, 0.3055484, 0.4219604], "precision": [[3.0000000001, 0.0, 0.0, 0.0, 0.0, 0.0, 0.0, 0.0, 0.0], [0.0, 3.0000000001, 0.0, 0.0, 0.0, 0.0, 0.0, 0.0, 0.0], [0.0, 0.0, 3.0000000001, 0.0, 0.0, 0.0, 0.0, 0.0, 0.0], [0.0, 0.0, 0.0, 3.0000000001, 0.0, 0.0, 0.0, 0.0, 0.0], [0.0, 0.0, 0.0, 0.0, 3.007966410463343, 0.07025049301811338, 0.03640529977123909, 0.000471039513184933, 0.0], [0.0, 0.0, 0.0, 0.0, 0.07025049301811338, 3.6194925374160305, 0.32103420998370186, 0.004153785271283472, 0.0], [0.0, 0.0, 0.0, 0.0, 0.036405299771239095, 0.3210342099837019, 3.166366756391178, 0.0021525798822143783, 0.0], [0.0, 0.0, 0.0, 0.0, 0.000471039513184933, 0.004153785271283472, 0.002152579882214378, 3.000027851819013, 0.0], [0.0, 0.0, 0.0, 0.0, 0.0, 0.0, 0.0, 0.0, 3.0000000001]]}, "bspline_factored_graph": {"param_names": ["c0", "c1", "c2", "c3", "c4", "c5", "c6", "c7", "c8"], "params": [0.5523294, 0.4170718, 0.4691139, 0.2668532, 0.2160124, 0.1949914, 0.271663, 0.3044701, 0.426698], "precision": [[15.665434433889288, 0.0, 0.0, 0.0, 0.0, 0.0, 0.0, 0.0, 0.0], [0.0, 15.665434433889288, 0.0, 0.0, 0.0, 0.0, 0.0, 0.0, 0.0], [0.0, 0.0, 15.665434433889288, 0.0, 0.0, 0.0, 0.0, 0.0, 0.0], [0.0, 0.0, 0.0, 15.665434433889288, 0.0, 0.0, 0.0, 0.0, 0.0], [0.0, 0.0, 0.0, 0.0, 15.67340084425263, 0.07025049301811338, 0.03640529977123909, 0.000471039513184933, 0.0], [0.0, 0.0, 0.0, 0.0, 0.07025049301811338, 16.28492697120532, 0.32103420998370186, 0.004153785271283472, 0.0], [0.0, 0.0, 0.0, 0.0, 0.036405299771239095, 0.3210342099837019, 15.831801190180464, 0.0021525798822143783, 0.0], [0.0, 0.0, 0.0, 0.0, 0.000471039513184933, 0.004153785271283472, 0.002152579882214378, 15.6654622856083, 0.0], [0.0, 0.0, 0.0, 0.0, 0.0, 0.0, 0.0, 0.0, 15.665434433889288]]}}}, "AAPL 2026-07-17": {"models": {"svijw_data": {"param_names": ["v", "psi", "p", "c", "v_tilde"], "params": [0.0276759, -0.0065978, 0.0805521, 0.1197961, 0.0272688], "precision": 0.9972640235968593}, "svijw_temporal": {"param_names": ["v", "psi", "p", "c", "v_tilde"], "params": [0.0289052, -0.0078781, 0.0805087, 0.1198116, 0.0283273], "precision": 0.9972640235968593}, "bspline_temporal": {"param_names": ["c0", "c1", "c2", "c3", "c4", "c5", "c6", "c7", "c8"], "params": [0.4219577, 0.4116155, 0.3717758, 0.3048398, 0.2096924, 0.2044538, 0.2253068, 0.2500853, 0.2703597], "precision": [[0.20000000010000002, 0.0, 0.0, 0.0, 0.0, 0.0, 0.0, 0.0, 0.0], [0.0, 0.20000000010000002, 0.0, 0.0, 0.0, 0.0, 0.0, 0.0, 0.0], [0.0, 0.0, 0.20000000010000002, 0.0, 0.0, 0.0, 0.0, 0.0, 0.0], [0.0, 0.0, 0.0, 0.20116901160602396, 0.011160946117391173, 0.006193363989304401, 6.613172825022302e-05, 0.0, 0.0], [0.0, 0.0, 0.0, 0.011160946117391173, 0.3065573073578102, 0.05913012952722922, 0.000631381857105156, 0.0, 0.0], [0.0, 0.0, 0.0, 0.006193363989304401, 0.05913012952722923, 0.23676300201474965, 0.03655397072737593, 0.05646248514250376, 0.0059068964085965715], [0.0, 0.0, 0.0, 6.613172825022302e-05, 0.0006313818571051561, 0.03655397072737593, 0.5317536110413807, 0.5173910293613602, 0.05412753628291996], [0.0, 0.0, 0.0, 0.0, 0.0, 0.05646248514250376, 0.5173910293613602, 1.006913586540935, 0.08441631560789604], [0.0, 0.0, 0.0, 0.0, 0.0, 0.0059068964085965715, 0.05412753628291996, 0.08441631560789603, 0.2088313228841945]]}, "bspline_tiered_graph": {"param_names": ["c0", "c1", "c2", "c3", "c4", "c5", "c6", "c7", "c8"], "params": [0.4219577, 0.4116241, 0.3724991, 0.3079397, 0.2288727, 0.2169721, 0.2220001, 0.2520296, 0.2741669], "precision": [[3.0000000001, 0.0, 0.0, 0.0, 0.0, 0.0, 0.0, 0.0, 0.0], [0.0, 3.0000000001, 0.0, 0.0, 0.0, 0.0, 0.0, 0.0, 0.0], [0.0, 0.0, 3.0000000001, 0.0, 0.0, 0.0, 0.0, 0.0, 0.0], [0.0, 0.0, 0.0, 3.001169011606024, 0.011160946117391173, 0.006193363989304401, 6.613172825022302e-05, 0.0, 0.0], [0.0, 0.0, 0.0, 0.011160946117391173, 3.1065573073578103, 0.05913012952722922, 0.000631381857105156, 0.0, 0.0], [0.0, 0.0, 0.0, 0.006193363989304401, 0.05913012952722923, 3.03676300201475, 0.03655397072737593, 0.05646248514250376, 0.0059068964085965715], [0.0, 0.0, 0.0, 6.613172825022302e-05, 0.0006313818571051561, 0.03655397072737593, 3.3317536110413806, 0.5173910293613602, 0.05412753628291996], [0.0, 0.0, 0.0, 0.0, 0.0, 0.05646248514250376, 0.5173910293613602, 3.806913586540935, 0.08441631560789604], [0.0, 0.0, 0.0, 0.0, 0.0, 0.0059068964085965715, 0.05412753628291996, 0.08441631560789603, 3.0088313228841943]]}, "bspline_factored_graph": {"param_names": ["c0", "c1", "c2", "c3", "c4", "c5", "c6", "c7", "c8"], "params": [0.4226098, 0.40366, 0.3679799, 0.2946831, 0.2024764, 0.2019172, 0.2225071, 0.2599298, 0.272833], "precision": [[15.377385098360055, 0.0, 0.0, 0.0, 0.0, 0.0, 0.0, 0.0, 0.0], [0.0, 15.377385098360055, 0.0, 0.0, 0.0, 0.0, 0.0, 0.0, 0.0], [0.0, 0.0, 15.377385098360055, 0.0, 0.0, 0.0, 0.0, 0.0, 0.0], [0.0, 0.0, 0.0, 15.378554109866078, 0.011160946117391173, 0.006193363989304401, 6.613172825022302e-05, 0.0, 0.0], [0.0, 0.0, 0.0, 0.011160946117391173, 15.483942405617865, 0.05913012952722922, 0.000631381857105156, 0.0, 0.0], [0.0, 0.0, 0.0, 0.006193363989304401, 0.05913012952722923, 15.414148100274804, 0.03655397072737593, 0.05646248514250376, 0.0059068964085965715], [0.0, 0.0, 0.0, 6.613172825022302e-05, 0.0006313818571051561, 0.03655397072737593, 15.709138709301435, 0.5173910293613602, 0.05412753628291996], [0.0, 0.0, 0.0, 0.0, 0.0, 0.05646248514250376, 0.5173910293613602, 16.18429868480099, 0.08441631560789604], [0.0, 0.0, 0.0, 0.0, 0.0, 0.0059068964085965715, 0.05412753628291996, 0.08441631560789603, 15.38621642114425]]}}}, "AAPL 2026-08-21": {"models": {"svijw_data": {"param_names": ["v", "psi", "p", "c", "v_tilde"], "params": [0.0727932, -0.0197533, 0.0801806, 0.1199592, 0.0638816], "precision": 0.9972640235968593}, "svijw_temporal": {"param_names": ["v", "psi", "p", "c", "v_tilde"], "params": [0.0727932, -0.0197533, 0.0801806, 0.1199592, 0.0638816], "precision": 0.9972640235968593}, "bspline_temporal": {"param_names": ["c0", "c1", "c2", "c3", "c4", "c5", "c6", "c7", "c8"], "params": [0.4116966, 0.414903, 0.3293111, 0.3043714, 0.2589564, 0.242315, 0.2486996, 0.2625352, 0.2694724], "precision": [[0.20000000010000002, 0.0, 0.0, 0.0, 0.0, 0.0, 0.0, 0.0, 0.0], [0.0, 0.20000000010000002, 0.0, 0.0, 0.0, 0.0, 0.0, 0.0, 0.0], [0.0, 0.0, 0.20000000010000002, 0.0, 0.0, 0.0, 0.0, 0.0, 0.0], [0.0, 0.0, 0.0, 0.20000000010000002, 0.0, 0.0, 0.0, 0.0, 0.0], [0.0, 0.0, 0.0, 0.0, 0.20000000010000002, 0.0, 0.0, 0.0, 0.0], [0.0, 0.0, 0.0, 0.0, 0.0, 0.20000000010000002, 0.0, 0.0, 0.0], [0.0, 0.0, 0.0, 0.0, 0.0, 0.0, 0.20000000010000002, 0.0, 0.0], [0.0, 0.0, 0.0, 0.0, 0.0, 0.0, 0.0, 0.20000000010000002, 0.0], [0.0, 0.0, 0.0, 0.0, 0.0, 0.0, 0.0, 0.0, 0.20000000010000002]]}, "bspline_tiered_graph": {"param_names": ["c0", "c1", "c2", "c3", "c4", "c5", "c6", "c7", "c8"], "params": [0.4127598, 0.4174364, 0.3293669, 0.2913173, 0.214205, 0.2259013, 0.2456381, 0.2528133, 0.266621], "precision": [[2.6000000001, 0.0, 0.0, 0.0, 0.0, 0.0, 0.0, 0.0, 0.0], [0.0, 2.6000000001, 0.0, 0.0, 0.0, 0.0, 0.0, 0.0, 0.0], [0.0, 0.0, 2.6000000001, 0.0, 0.0, 0.0, 0.0, 0.0, 0.0], [0.0, 0.0, 0.0, 2.6000000001, 0.0, 0.0, 0.0, 0.0, 0.0], [0.0, 0.0, 0.0, 0.0, 2.6000000001, 0.0, 0.0, 0.0, 0.0], [0.0, 0.0, 0.0, 0.0, 0.0, 2.6000000001, 0.0, 0.0, 0.0], [0.0, 0.0, 0.0, 0.0, 0.0, 0.0, 2.6000000001, 0.0, 0.0], [0.0, 0.0, 0.0, 0.0, 0.0, 0.0, 0.0, 2.6000000001, 0.0], [0.0, 0.0, 0.0, 0.0, 0.0, 0.0, 0.0, 0.0, 2.6000000001]]}, "bspline_factored_graph": {"param_names": ["c0", "c1", "c2", "c3", "c4", "c5", "c6", "c7", "c8"], "params": [0.412347, 0.4069535, 0.3255184, 0.2906334, 0.2173654, 0.2199345, 0.2386271, 0.261351, 0.2707997], "precision": [[15.06364955494747, 0.0, 0.0, 0.0, 0.0, 0.0, 0.0, 0.0, 0.0], [0.0, 15.06364955494747, 0.0, 0.0, 0.0, 0.0, 0.0, 0.0, 0.0], [0.0, 0.0, 15.06364955494747, 0.0, 0.0, 0.0, 0.0, 0.0, 0.0], [0.0, 0.0, 0.0, 15.06364955494747, 0.0, 0.0, 0.0, 0.0, 0.0], [0.0, 0.0, 0.0, 0.0, 15.06364955494747, 0.0, 0.0, 0.0, 0.0], [0.0, 0.0, 0.0, 0.0, 0.0, 15.06364955494747, 0.0, 0.0, 0.0], [0.0, 0.0, 0.0, 0.0, 0.0, 0.0, 15.06364955494747, 0.0, 0.0], [0.0, 0.0, 0.0, 0.0, 0.0, 0.0, 0.0, 15.06364955494747, 0.0], [0.0, 0.0, 0.0, 0.0, 0.0, 0.0, 0.0, 0.0, 15.06364955494747]]}}}, "AAPL 2026-09-18": {"models": {"svijw_data": {"param_names": ["v", "psi", "p", "c", "v_tilde"], "params": [0.0690637, -0.0274012, 0.0803891, 0.1199148, 0.0619511], "precision": 0.9972640235968593}, "svijw_temporal": {"param_names": ["v", "psi", "p", "c", "v_tilde"], "params": [0.0690637, -0.0274012, 0.0803891, 0.1199148, 0.0619511], "precision": 0.9972640235968593}, "bspline_temporal": {"param_names": ["c0", "c1", "c2", "c3", "c4", "c5", "c6", "c7", "c8"], "params": [0.3596987, 0.3683425, 0.3403756, 0.3011707, 0.2629262, 0.2409396, 0.2465044, 0.2555587, 0.2615026], "precision": [[0.20000000010000002, 0.0, 0.0, 0.0, 0.0, 0.0, 0.0, 0.0, 0.0], [0.0, 0.20000000010000002, 0.0, 0.0, 0.0, 0.0, 0.0, 0.0, 0.0], [0.0, 0.0, 0.20000000010000002, 0.0, 0.0, 0.0, 0.0, 0.0, 0.0], [0.0, 0.0, 0.0, 0.20000000010000002, 0.0, 0.0, 0.0, 0.0, 0.0], [0.0, 0.0, 0.0, 0.0, 0.20000000010000002, 0.0, 0.0, 0.0, 0.0], [0.0, 0.0, 0.0, 0.0, 0.0, 0.20000000010000002, 0.0, 0.0, 0.0], [0.0, 0.0, 0.0, 0.0, 0.0, 0.0, 0.20000000010000002, 0.0, 0.0], [0.0, 0.0, 0.0, 0.0, 0.0, 0.0, 0.0, 0.20000000010000002, 0.0], [0.0, 0.0, 0.0, 0.0, 0.0, 0.0, 0.0, 0.0, 0.20000000010000002]]}, "bspline_tiered_graph": {"param_names": ["c0", "c1", "c2", "c3", "c4", "c5", "c6", "c7", "c8"], "params": [0.3615966, 0.3710082, 0.3418721, 0.296053, 0.2585704, 0.2408096, 0.2456833, 0.251908, 0.2601082], "precision": [[3.0000000001, 0.0, 0.0, 0.0, 0.0, 0.0, 0.0, 0.0, 0.0], [0.0, 3.0000000001, 0.0, 0.0, 0.0, 0.0, 0.0, 0.0, 0.0], [0.0, 0.0, 3.0000000001, 0.0, 0.0, 0.0, 0.0, 0.0, 0.0], [0.0, 0.0, 0.0, 3.0000000001, 0.0, 0.0, 0.0, 0.0, 0.0], [0.0, 0.0, 0.0, 0.0, 3.0000000001, 0.0, 0.0, 0.0, 0.0], [0.0, 0.0, 0.0, 0.0, 0.0, 3.0000000001, 0.0, 0.0, 0.0], [0.0, 0.0, 0.0, 0.0, 0.0, 0.0, 3.0000000001, 0.0, 0.0], [0.0, 0.0, 0.0, 0.0, 0.0, 0.0, 0.0, 3.0000000001, 0.0], [0.0, 0.0, 0.0, 0.0, 0.0, 0.0, 0.0, 0.0, 3.0000000001]]}, "bspline_factored_graph": {"param_names": ["c0", "c1", "c2", "c3", "c4", "c5", "c6", "c7", "c8"], "params": [0.360347, 0.3604006, 0.336582, 0.287431, 0.2213187, 0.21856, 0.2364373, 0.25436, 0.2628237], "precision": [[14.303929550357294, 0.0, 0.0, 0.0, 0.0, 0.0, 0.0, 0.0, 0.0], [0.0, 14.303929550357294, 0.0, 0.0, 0.0, 0.0, 0.0, 0.0, 0.0], [0.0, 0.0, 14.303929550357294, 0.0, 0.0, 0.0, 0.0, 0.0, 0.0], [0.0, 0.0, 0.0, 14.303929550357294, 0.0, 0.0, 0.0, 0.0, 0.0], [0.0, 0.0, 0.0, 0.0, 14.303929550357294, 0.0, 0.0, 0.0, 0.0], [0.0, 0.0, 0.0, 0.0, 0.0, 14.303929550357294, 0.0, 0.0, 0.0], [0.0, 0.0, 0.0, 0.0, 0.0, 0.0, 14.303929550357294, 0.0, 0.0], [0.0, 0.0, 0.0, 0.0, 0.0, 0.0, 0.0, 14.303929550357294, 0.0], [0.0, 0.0, 0.0, 0.0, 0.0, 0.0, 0.0, 0.0, 14.303929550357294]]}}}, "AAPL 2026-11-20": {"models": {"svijw_data": {"param_names": ["v", "psi", "p", "c", "v_tilde"], "params": [0.0551786, 0.0178927, 0.2078239, 0.1082409, 0.030674], "precision": 0.9972640235968593}, "svijw_temporal": {"param_names": ["v", "psi", "p", "c", "v_tilde"], "params": [0.0534634, 0.0085532, 0.2087568, 0.1070207, 0.0475452], "precision": 0.9972640235968593}, "bspline_temporal": {"param_names": ["c0", "c1", "c2", "c3", "c4", "c5", "c6", "c7", "c8"], "params": [0.3771844, 0.3596501, 0.3115759, 0.2598077, 0.2518936, 0.2445934, 0.2493637, 0.2544707, 0.2589289], "precision": [[0.20000000010000002, 0.0, 0.0, 0.0, 0.0, 0.0, 0.0, 0.0, 0.0], [0.0, 0.20000118205394432, 0.0001215558727026083, 0.00025270453575247567, 3.1377320726715776e-05, 0.0, 0.0, 0.0, 0.0], [0.0, 0.0001215558727026083, 0.21308336232493358, 0.03155629308232538, 0.006320395318468444, 3.317195009304155e-05, 0.0, 0.0, 0.0], [0.0, 0.00025270453575247567, 0.03155629308232538, 0.30736445228304843, 0.038413431816783104, 0.0024104817203709945, 8.879509669008848e-05, 0.0, 0.0], [0.0, 3.1377320726715776e-05, 0.006320395318468444, 0.038413431816783104, 0.26489940985923266, 0.04716072936099925, 0.001993062663037547, 0.0, 0.0], [0.0, 0.0, 3.317195009304155e-05, 0.0024104817203709945, 0.04716072936099925, 0.24635057994420867, 0.0019660932913052862, 0.0, 0.0], [0.0, 0.0, 0.0, 8.879509669008846e-05, 0.0019930626630375466, 0.0019660932913052862, 0.20008340100849142, 0.0, 0.0], [0.0, 0.0, 0.0, 0.0, 0.0, 0.0, 0.0, 0.20000000010000002, 0.0], [0.0, 0.0, 0.0, 0.0, 0.0, 0.0, 0.0, 0.0, 0.20000000010000002]]}, "bspline_tiered_graph": {"param_names": ["c0", "c1", "c2", "c3", "c4", "c5", "c6", "c7", "c8"], "params": [0.3771844, 0.3597242, 0.3199428, 0.2828313, 0.2579163, 0.2419592, 0.2460376, 0.2534392, 0.2589289], "precision": [[2.6000000001, 0.0, 0.0, 0.0, 0.0, 0.0, 0.0, 0.0, 0.0], [0.0, 2.600001182053944, 0.0001215558727026083, 0.00025270453575247567, 3.1377320726715776e-05, 0.0, 0.0, 0.0, 0.0], [0.0, 0.0001215558727026083, 2.6130833623249337, 0.03155629308232538, 0.006320395318468444, 3.317195009304155e-05, 0.0, 0.0, 0.0], [0.0, 0.00025270453575247567, 0.03155629308232538, 2.7073644522830485, 0.038413431816783104, 0.0024104817203709945, 8.879509669008848e-05, 0.0, 0.0], [0.0, 3.1377320726715776e-05, 0.006320395318468444, 0.038413431816783104, 2.664899409859233, 0.04716072936099925, 0.001993062663037547, 0.0, 0.0], [0.0, 0.0, 3.317195009304155e-05, 0.0024104817203709945, 0.04716072936099925, 2.646350579944209, 0.0019660932913052862, 0.0, 0.0], [0.0, 0.0, 0.0, 8.879509669008846e-05, 0.0019930626630375466, 0.0019660932913052862, 2.6000834010084914, 0.0, 0.0], [0.0, 0.0, 0.0, 0.0, 0.0, 0.0, 0.0, 2.6000000001, 0.0], [0.0, 0.0, 0.0, 0.0, 0.0, 0.0, 0.0, 0.0, 2.6000000001]]}, "bspline_factored_graph": {"param_names": ["c0", "c1", "c2", "c3", "c4", "c5", "c6", "c7", "c8"], "params": [0.3778342, 0.3518456, 0.3211993, 0.2843159, 0.2280433, 0.2296785, 0.2396325, 0.2532714, 0.2602438], "precision": [[12.95833090496467, 0.0, 0.0, 0.0, 0.0, 0.0, 0.0, 0.0, 0.0], [0.0, 12.958332086918615, 0.0001215558727026083, 0.00025270453575247567, 3.1377320726715776e-05, 0.0, 0.0, 0.0, 0.0], [0.0, 0.0001215558727026083, 12.971414267189603, 0.03155629308232538, 0.006320395318468444, 3.317195009304155e-05, 0.0, 0.0, 0.0], [0.0, 0.00025270453575247567, 0.03155629308232538, 13.06569535714772, 0.038413431816783104, 0.0024104817203709945, 8.879509669008848e-05, 0.0, 0.0], [0.0, 3.1377320726715776e-05, 0.006320395318468444, 0.038413431816783104, 13.023230314723902, 0.04716072936099925, 0.001993062663037547, 0.0, 0.0], [0.0, 0.0, 3.317195009304155e-05, 0.0024104817203709945, 0.04716072936099925, 13.004681484808879, 0.0019660932913052862, 0.0, 0.0], [0.0, 0.0, 0.0, 8.879509669008846e-05, 0.0019930626630375466, 0.0019660932913052862, 12.958414305873161, 0.0, 0.0], [0.0, 0.0, 0.0, 0.0, 0.0, 0.0, 0.0, 12.95833090496467, 0.0], [0.0, 0.0, 0.0, 0.0, 0.0, 0.0, 0.0, 0.0, 12.95833090496467]]}}}, "AAPL 2027-02-19": {"models": {"svijw_data": {"param_names": ["v", "psi", "p", "c", "v_tilde"], "params": [0.0626183, -0.0550572, 0.2286806, 0.1060617, 0.0569736], "precision": 0.9972640235968593}, "svijw_temporal": {"param_names": ["v", "psi", "p", "c", "v_tilde"], "params": [0.0577153, -0.054787, 0.228689, 0.1060376, 0.0536783], "precision": 0.9972640235968593}, "bspline_temporal": {"param_names": ["c0", "c1", "c2", "c3", "c4", "c5", "c6", "c7", "c8"], "params": [0.3333159, 0.3182112, 0.3175009, 0.2780208, 0.2558339, 0.2488534, 0.2493687, 0.2561723, 0.2456689], "precision": [[0.20000000010000002, 0.0, 0.0, 0.0, 0.0, 0.0, 0.0, 0.0, 0.0], [0.0, 0.20000000010000002, 0.0, 0.0, 0.0, 0.0, 0.0, 0.0, 0.0], [0.0, 0.0, 0.20000000010000002, 0.0, 0.0, 0.0, 0.0, 0.0, 0.0], [0.0, 0.0, 0.0, 0.201022995166851, 0.0091632432852339, 0.004830354934085043, 4.3394763003144436e-05, 0.0, 0.0], [0.0, 0.0, 0.0, 0.009163243285233902, 0.2820776466353351, 0.04326679458122931, 0.00038869861995220484, 0.0, 0.0], [0.0, 0.0, 0.0, 0.004830354934085043, 0.043266794581229305, 0.22280786061203817, 0.00020490040898333008, 0.0, 0.0], [0.0, 0.0, 0.0, 4.3394763003144436e-05, 0.00038869861995220484, 0.0002049004089833301, 0.20000184087667344, 0.0, 0.0], [0.0, 0.0, 0.0, 0.0, 0.0, 0.0, 0.0, 0.20000000010000002, 0.0], [0.0, 0.0, 0.0, 0.0, 0.0, 0.0, 0.0, 0.0, 0.5800659133729232]]}, "bspline_tiered_graph": {"param_names": ["c0", "c1", "c2", "c3", "c4", "c5", "c6", "c7", "c8"], "params": [0.3333159, 0.3182112, 0.3175009, 0.2780208, 0.2558339, 0.2488534, 0.2493687, 0.2561723, 0.2456689], "precision": [[0.20000000010000002, 0.0, 0.0, 0.0, 0.0, 0.0, 0.0, 0.0, 0.0], [0.0, 0.20000000010000002, 0.0, 0.0, 0.0, 0.0, 0.0, 0.0, 0.0], [0.0, 0.0, 0.20000000010000002, 0.0, 0.0, 0.0, 0.0, 0.0, 0.0], [0.0, 0.0, 0.0, 0.201022995166851, 0.0091632432852339, 0.004830354934085043, 4.3394763003144436e-05, 0.0, 0.0], [0.0, 0.0, 0.0, 0.009163243285233902, 0.2820776466353351, 0.04326679458122931, 0.00038869861995220484, 0.0, 0.0], [0.0, 0.0, 0.0, 0.004830354934085043, 0.043266794581229305, 0.22280786061203817, 0.00020490040898333008, 0.0, 0.0], [0.0, 0.0, 0.0, 4.3394763003144436e-05, 0.00038869861995220484, 0.0002049004089833301, 0.20000184087667344, 0.0, 0.0], [0.0, 0.0, 0.0, 0.0, 0.0, 0.0, 0.0, 0.20000000010000002, 0.0], [0.0, 0.0, 0.0, 0.0, 0.0, 0.0, 0.0, 0.0, 0.5800659133729232]]}, "bspline_factored_graph": {"param_names": ["c0", "c1", "c2", "c3", "c4", "c5", "c6", "c7", "c8"], "params": [0.3339628, 0.3103151, 0.3137194, 0.2655719, 0.2254133, 0.2323684, 0.2394125, 0.2549767, 0.2494847], "precision": [[11.637105821126418, 0.0, 0.0, 0.0, 0.0, 0.0, 0.0, 0.0, 0.0], [0.0, 11.637105821126418, 0.0, 0.0, 0.0, 0.0, 0.0, 0.0, 0.0], [0.0, 0.0, 11.637105821126418, 0.0, 0.0, 0.0, 0.0, 0.0, 0.0], [0.0, 0.0, 0.0, 11.63812881619327, 0.0091632432852339, 0.004830354934085043, 4.3394763003144436e-05, 0.0, 0.0], [0.0, 0.0, 0.0, 0.009163243285233902, 11.719183467661754, 0.04326679458122931, 0.00038869861995220484, 0.0, 0.0], [0.0, 0.0, 0.0, 0.004830354934085043, 0.043266794581229305, 11.659913681638457, 0.00020490040898333008, 0.0, 0.0], [0.0, 0.0, 0.0, 4.3394763003144436e-05, 0.00038869861995220484, 0.0002049004089833301, 11.637107661903093, 0.0, 0.0], [0.0, 0.0, 0.0, 0.0, 0.0, 0.0, 0.0, 11.637105821126418, 0.0], [0.0, 0.0, 0.0, 0.0, 0.0, 0.0, 0.0, 0.0, 12.017171734399342]]}}}, "AMZN 2026-05-20": {"models": {"svijw_data": {"param_names": ["v", "psi", "p", "c", "v_tilde"], "params": [0.0654287, -0.0262125, 0.0772849, 0.1205857, 0.0445211], "precision": 0.9972640235968593}, "svijw_temporal": {"param_names": ["v", "psi", "p", "c", "v_tilde"], "params": [0.0658734, -0.0259853, 0.0772754, 0.1205882, 0.0450884], "precision": 0.9972640235968593}, "bspline_temporal": {"param_names": ["c0", "c1", "c2", "c3", "c4", "c5", "c6", "c7", "c8"], "params": [0.8081049, 0.4932534, 0.4807562, 0.3577875, 0.2737203, 0.2343678, 0.331735, 0.4520138, 0.552349], "precision": [[0.20000000010000002, 0.0